1521527555860940 37421.883148
1521527555860954 46765.514831
1521527556061138 37425.485244
1521527556061142 46768.848861
1521527556261326 37429.051788
1521527556261331 46772.237380
1521527556461516 37432.653640
1521527556461521 46775.580703
1521527556661705 37436.236816
1521527556661710 46778.955810
1521527556861905 37439.826171
1521527556861910 46782.348907
1521527557062111 37443.415649
1521527557062115 46785.674530
1521527557262301 37447.027557
1521527557262304 46789.078414
1521527557462427 37452.043182
1521527557462431 46792.670288
1521527557662538 37466.773681
1521527557662542 46807.372985
1521527557862640 37482.562316
1521527557862644 46823.282882
1521527558062744 37498.378295
1521527558062749 46839.138061
1521527558262845 37514.217102
1521527558262848 46855.000656
1521527558462951 37530.070312
1521527558462955 46870.266067
1521527558663058 37545.899520
1521527558663062 46881.217102
1521527558863170 37561.738479
1521527558863174 46892.169540
1521527559063300 37577.596771
1521527559063305 46903.123596
1521527559263414 37593.559005
1521527559263418 46914.074829
1521527559463522 37609.451492
1521527559463526 46925.083740
1521527559663629 37625.336212
1521527559663633 46936.036087
1521527559863740 37641.236373
1521527559863744 46946.988555
1521527560063852 37657.254013
1521527560063856 46957.829803
1521527560263959 37673.543029
1521527560263963 46967.898117
1521527560464069 37686.594161
1521527560464073 46977.702117
1521527560664217 37696.459152
1521527560664221 46986.661422
1521527560864373 37705.501754
1521527560864378 46995.695388
1521527561064526 37713.698669
1521527561064530 47005.423858
1521527561264688 37721.848800
1521527561264692 47014.626266
1521527561464800 37737.432769
1521527561464804 47030.018646
1521527561664871 37753.327987
1521527561664875 47041.497528
1521527561864977 37769.237655
1521527561864981 47052.451660
1521527562065082 37785.143417
1521527562065086 47063.402572
1521527562265184 37801.078536
1521527562265187 47074.352951
1521527562465296 37816.986083
1521527562465301 47085.306137
1521527562665404 37832.901367
1521527562665408 47096.257492
1521527562865510 37848.773452
1521527562865514 47107.211212
1521527563065613 37864.716934
1521527563065617 47118.163787
1521527563265743 37880.572845
1521527563265748 47129.171981
1521527563465857 37896.555191
1521527563465860 47139.772018
1521527563665947 37912.769805
1521527563665949 47149.805343
1521527563866100 37924.539932
1521527563866104 47157.886688
1521527564066245 37935.435684
1521527564066249 47164.912155
1521527564266389 37946.323287
1521527564266393 47171.937088
1521527564466530 37957.192321
1521527564466533 47178.961242
1521527564666642 37968.703140
1521527564666646 47186.764465
1521527564866737 37984.629577
1521527564866740 47202.563522
1521527565066853 38000.519180
1521527565066857 47218.351364
1521527565266958 38016.358825
1521527565266962 47229.333847
1521527565467089 38032.205703
1521527565467094 47240.284774
1521527565667207 38048.076644
1521527565667211 47251.240875
1521527565867313 38063.942001
1521527565867317 47262.190658
1521527566067445 38079.831405
1521527566067450 47273.143234
1521527566267552 38095.728866
1521527566267556 47284.093994
1521527566467656 38111.626693
1521527566467660 47295.049331
1521527566667759 38127.634017
1521527566667763 47305.999923
1521527566867856 38143.783233
1521527566867859 47316.534866
1521527567068003 38158.539611
1521527567068007 47326.795028
1521527567268146 38169.501861
1521527567268150 47334.544296
1521527567468307 38180.454040
1521527567468310 47342.073135
1521527567668463 38191.402038
1521527567668467 47349.596908
1521527567868622 38202.164108
1521527567868626 47356.719970
1521527568068730 38215.367935
1521527568068734 47368.088333
1521527568268842 38231.393203
1521527568268845 47383.866256
1521527568468943 38247.333221
1521527568468980 47396.829437
1521527568669082 38263.282836
1521527568669086 47407.837188
1521527568869190 38279.245498
1521527568869193 47418.792037
1521527569069293 38295.219772
1521527569069297 47429.743362
1521527569269422 38311.198440
1521527569269428 47440.694717
1521527569469530 38327.163635
1521527569469534 47451.646347
1521527569669636 38343.128479
1521527569669639 47462.601531
1521527569869743 38358.927505
1521527569869747 47473.555191
1521527570069872 38370.522659
1521527570069878 47484.506927
1521527570269981 38382.077316
1521527570269985 47495.404556
1521527570470134 38393.141113
1521527570470137 47503.344345
1521527570670265 38404.141143
1521527570670269 47511.286544
1521527570870431 38414.915603
1521527570870435 47518.902862
1521527571070581 38425.282653
1521527571070585 47525.965744
1521527571270690 38437.250961
1521527571270694 47535.482254
1521527571470786 38453.196334
1521527571470789 47551.293640
1521527571670891 38469.242111
1521527571670896 47565.049545
1521527571870997 38485.206817
1521527571871001 47576.001708
1521527572071121 38501.189239
1521527572071127 47586.953414
1521527572271230 38517.168823
1521527572271234 47597.961608
1521527572471334 38533.145690
1521527572471338 47608.913940
1521527572671445 38549.122253
1521527572671449 47619.867935
1521527572871553 38565.124008
1521527572871557 47630.820648
1521527573071663 38581.121261
1521527573071667 47641.772384
1521527573271770 38593.292648
1521527573271774 47652.732376
1521527573471906 38603.498870
1521527573471911 47663.665725
1521527573672029 38613.675048
1521527573672033 47672.323486
1521527573872156 38624.027221
1521527573872160 47680.743957
1521527574072276 38634.321395
1521527574072280 47689.039642
1521527574272398 38644.617141
1521527574272402 47697.327972
1521527574472509 38655.753768
1521527574472513 47706.940887
1521527574672606 38671.728775
1521527574672609 47722.788452
1521527574872709 38687.712265
1521527574872713 47735.046127
1521527575072850 38703.703842
1521527575072855 47745.998214
1521527575272963 38719.713729
1521527575272967 47756.951446
1521527575473065 38735.714920
1521527575473069 47767.902618
1521527575673173 38751.803222
1521527575673177 47778.856063
1521527575873281 38767.821838
1521527575873298 47789.864227
1521527576073398 38783.847442
1521527576073402 47800.817962
1521527576273501 38799.880462
1521527576273505 47811.768188
1521527576473630 38813.602203
1521527576473636 47822.735916
1521527576673746 38825.046615
1521527576673750 47833.690414
1521527576873855 38836.265228
1521527576873858 47843.502807
1521527577073950 38847.185806
1521527577073952 47851.963562
1521527577274094 38858.120803
1521527577274098 47859.587127
1521527577474247 38868.469268
1521527577474251 47866.693161
1521527577674399 38878.847122
1521527577674403 47873.829177
1521527577874591 38885.034927
1521527577874595 47877.677078
1521527578074772 38888.567443
1521527578074776 47881.169677
1521527578274954 38892.098663
1521527578274958 47884.521957
1521527578475132 38895.627304
1521527578475136 47887.934997
1521527578675314 38899.242477
1521527578675318 47891.325088
1521527578875494 38902.865768
1521527578875498 47894.767837
1521527579075672 38906.399139
1521527579075675 47898.181854
1521527579275861 38909.930023
1521527579275864 47901.590270
1521527579476060 38913.538787
1521527579476064 47904.998107
1521527579676250 38917.077209
1521527579676255 47908.382492
1521527579876433 38920.714263
1521527579876437 47911.878295
1521527580076620 38924.245529
1521527580076625 47915.210723
1521527580276811 38927.868133
1521527580276826 47918.628204
1521527580477015 38931.439468
1521527580477020 47922.002197
1521527580677207 38934.965255
1521527580677212 47925.408248
1521527580877416 38938.551162
1521527580877420 47928.845382
1521527581077605 38942.182815
1521527581077609 47932.276290
1521527581277803 38945.707107
1521527581277807 47935.710174
1521527581477988 38949.995285
1521527581477993 47939.111206
1521527581678179 38953.517837
1521527581678183 47942.517211
1521527581878374 38957.136688
1521527581878378 47945.955993
1521527582078560 38960.755264
1521527582078582 47949.377960
1521527582278783 38964.299102
1521527582278786 47952.777359
1521527582478966 38967.913879
1521527582478970 47956.180603
1521527582679156 38971.435409
1521527582679161 47959.582824
1521527582879362 38975.041259
1521527582879366 47963.006912
1521527583079551 38978.654937
1521527583079555 47966.419204
1521527583279742 38982.180908
1521527583279746 47969.836593
1521527583479937 38985.721389
1521527583479942 47973.234283
1521527583680130 38989.240951
1521527583680135 47976.634490
1521527583880325 38992.837509
1521527583880329 47980.021942
1521527584080515 38996.353683
1521527584080520 47983.424636
1521527584280705 38999.872848
1521527584280710 47986.840805
1521527584480899 39003.405364
1521527584480904 47990.234893
1521527584681093 39006.928070
1521527584681098 47993.632614
1521527584881286 39010.533340
1521527584881290 47997.036590
1521527585081491 39014.045959
1521527585081495 48000.377777
1521527585281676 39017.567947
1521527585281680 48003.780624
1521527585481880 39021.220886
1521527585481885 48007.195022
1521527585682074 39024.851821
1521527585682079 48010.588775
