1521529312822288 7208.306488
1521529312822301 15035.602905
1521529313022488 7211.957580
1521529313022492 15039.028503
1521529313222682 7215.612258
1521529313222686 15042.399322
1521529313422809 7220.352218
1521529313422813 15046.121566
1521529313622929 7235.889968
1521529313622934 15061.251647
1521529313823031 7252.382705
1521529313823034 15077.416397
1521529314023131 7268.921463
1521529314023135 15093.604598
1521529314223226 7285.469406
1521529314223229 15109.787246
1521529314423336 7302.004318
1521529314423340 15124.010467
1521529314623444 7318.495956
1521529314623448 15135.021255
1521529314823550 7335.005661
1521529314823554 15145.977630
1521529315023662 7351.526580
1521529315023666 15156.933319
1521529315223771 7368.077041
1521529315223775 15167.890457
1521529315423870 7384.537399
1521529315423874 15178.847030
1521529315623978 7400.977859
1521529315623981 15189.798049
1521529315824108 7417.495834
1521529315824113 15200.756988
1521529316024239 7434.031463
1521529316024245 15211.709487
1521529316224351 7450.525070
1521529316224355 15222.663848
1521529316424459 7467.008880
1521529316424463 15233.674423
1521529316624593 7483.488906
1521529316624598 15244.630752
1521529316824705 7500.019805
1521529316824709 15255.586608
1521529317024822 7516.625518
1521529317024826 15266.543884
1521529317224931 7533.096725
1521529317224935 15277.497161
1521529317425062 7549.560226
1521529317425068 15288.455734
1521529317625172 7566.046722
1521529317625176 15299.408248
1521529317825280 7582.534667
1521529317825284 15310.364151
1521529318025384 7599.023895
1521529318025388 15321.321670
1521529318225490 7615.433135
1521529318225494 15332.275833
1521529318425595 7626.818420
1521529318425599 15343.288070
1521529318625700 7637.333419
1521529318625703 15354.240386
1521529318825803 7647.877197
1521529318825807 15365.198852
1521529319025878 7658.429138
1521529319025882 15376.153427
1521529319225980 7669.049911
1521529319225983 15386.946807
1521529319426103 7682.266738
1521529319426109 15398.020736
1521529319626212 7698.769927
1521529319626216 15408.984375
1521529319826319 7715.264389
1521529319826323 15419.936386
1521529320026447 7731.766143
1521529320026452 15430.946258
1521529320226557 7748.271240
1521529320226561 15441.902587
1521529320426661 7764.787689
1521529320426665 15452.858139
1521529320626767 7781.316925
1521529320626771 15463.812240
1521529320826872 7797.855789
1521529320826875 15474.771957
1521529321026977 7814.494186
1521529321026980 15485.725799
1521529321227080 7831.046981
1521529321227084 15496.679885
1521529321427181 7847.609741
1521529321427185 15507.632888
1521529321627285 7864.171722
1521529321627289 15518.592956
1521529321827394 7880.736953
1521529321827398 15529.599792
1521529322027498 7897.306838
1521529322027501 15540.558029
1521529322227611 7913.900726
1521529322227615 15551.510314
1521529322427717 7930.478637
1521529322427720 15562.469467
1521529322627841 7947.059692
1521529322627845 15573.424072
1521529322827949 7963.638137
1521529322827953 15584.380905
1521529323028052 7980.199813
1521529323028056 15595.333969
1521529323228155 7992.654357
1521529323228159 15606.288284
1521529323428261 8004.092346
1521529323428265 15617.246627
1521529323628398 8015.465103
1521529323628403 15628.257019
1521529323828510 8026.830795
1521529323828514 15639.211502
1521529324028630 8038.189392
1521529324028635 15650.167892
1521529324228763 8050.159957
1521529324228769 15661.103622
1521529324428869 8066.704635
1521529324428873 15672.068344
1521529324628979 8083.270324
1521529324628983 15683.023025
1521529324829083 8099.856246
1521529324829087 15693.982254
1521529325029190 8116.450271
1521529325029194 15704.936218
1521529325229298 8133.147323
1521529325229302 15715.890548
1521529325429408 8149.761642
1521529325429411 15726.847076
1521529325629515 8166.383407
1521529325629554 15737.855514
1521529325829661 8183.032485
1521529325829664 15748.812072
1521529326029791 8199.666427
1521529326029796 15759.766799
1521529326229877 8216.305206
1521529326229881 15770.722763
1521529326429985 8232.921493
1521529326429989 15781.677780
1521529326630092 8249.536636
1521529326630095 15792.635116
1521529326830206 8266.155563
1521529326830210 15803.588073
1521529327030320 8282.788986
1521529327030325 15814.545516
1521529327230430 8299.521163
1521529327230434 15825.501358
1521529327430564 8316.178359
1521529327430569 15836.512908
1521529327630681 8332.839813
1521529327630685 15847.466903
1521529327830792 8349.494171
1521529327830796 15858.423522
1521529328030868 8363.948715
1521529328030872 15869.380874
1521529328231000 8375.410308
1521529328231006 15880.335311
1521529328431130 8386.845642
1521529328431135 15891.291564
1521529328631239 8398.288360
1521529328631243 15902.245849
1521529328831349 8409.720977
1521529328831353 15913.203002
1521529329031466 8421.144561
1521529329031470 15924.129608
1521529329231594 8437.007049
1521529329231599 15935.102096
1521529329431704 8453.617065
1521529329431708 15946.113296
1521529329631823 8470.245773
1521529329631827 15957.067901
1521529329831930 8486.895751
1521529329831934 15968.023330
1521529330032034 8503.540145
1521529330032037 15978.979309
1521529330232146 8520.199035
1521529330232150 15989.935775
1521529330432259 8536.858032
1521529330432263 16000.893142
1521529330632370 8553.532302
1521529330632374 16011.848556
1521529330832483 8570.201690
1521529330832486 16022.803390
1521529331032587 8586.878280
1521529331032591 16033.758331
1521529331232697 8603.563980
1521529331232700 16044.714950
1521529331432804 8620.320480
1521529331432807 16055.722503
1521529331632865 8637.013092
1521529331632869 16066.675781
1521529331832972 8653.718338
1521529331832976 16077.635726
1521529332033089 8670.420669
1521529332033094 16088.589309
1521529332233201 8687.112060
1521529332233205 16099.547271
1521529332433307 8703.799911
1521529332433310 16110.500259
1521529332633439 8720.486846
1521529332633444 16121.457138
1521529332833589 8735.635711
1521529332833594 16132.412765
1521529333033715 8745.801559
1521529333033719 16143.367019
1521529333233848 8755.896972
1521529333233852 16154.375152
1521529333433980 8766.216354
1521529333433984 16165.333999
1521529333634109 8776.102722
1521529333634113 16176.289138
1521529333834228 8785.803268
1521529333834232 16186.813674
1521529334034354 8801.851730
1521529334034359 16198.171386
1521529334234462 8818.503219
1521529334234466 16209.125076
1521529334434580 8835.148742
1521529334434584 16220.083663
1521529334634711 8851.804962
1521529334634717 16231.036621
1521529334834843 8868.482955
1521529334834847 16242.046752
1521529335034955 8885.172836
1521529335034959 16253.006179
1521529335235060 8901.941726
1521529335235064 16263.957595
1521529335435166 8918.645507
1521529335435170 16274.914550
1521529335635273 8935.358856
1521529335635277 16285.871185
1521529335835378 8952.056167
1521529335835382 16296.827392
1521529336035486 8968.760131
1521529336035490 16307.782714
1521529336235598 8985.463409
1521529336235601 16318.738357
1521529336435710 9002.171463
1521529336435714 16329.690902
1521529336635844 9018.894485
1521529336635849 16340.649475
1521529336835969 9035.619049
1521529336835975 16351.657760
1521529337036087 9052.421722
1521529337036091 16362.612380
1521529337236198 9069.144454
1521529337236202 16373.568527
1521529337436314 9085.869934
1521529337436318 16384.525482
1521529337636422 9101.304061
1521529337636426 16395.483703
1521529337836540 9112.959381
1521529337836544 16406.438766
1521529338036647 9124.463958
1521529338036651 16417.392425
1521529338236756 9135.966598
1521529338236760 16428.349380
1521529338436872 9147.456298
1521529338436876 16439.359634
1521529338636983 9158.943923
1521529338636987 16450.315887
1521529338837117 9173.220687
1521529338837123 16461.264312
1521529339037233 9189.976486
1521529339037237 16472.222045
1521529339237341 9206.654922
1521529339237345 16483.176498
1521529339437450 9223.368698
1521529339437454 16494.131423
1521529339637595 9240.090652
1521529339637599 16505.087020
1521529339837702 9256.809127
1521529339837706 16516.040771
1521529340037841 9273.525497
1521529340037846 16526.996597
1521529340237949 9290.257125
1521529340237953 16537.952377
1521529340438057 9306.985351
1521529340438061 16548.965835
1521529340638175 9323.715591
1521529340638179 16559.918609
1521529340838281 9340.517974
1521529340838285 16570.873748
1521529341038392 9357.243011
1521529341038395 16581.830459
1521529341238503 9373.967712
1521529341238507 16592.787322
1521529341438607 9390.687988
1521529341438611 16603.740127
1521529341638734 9407.421585
1521529341638740 16614.695175
1521529341838870 9424.151794
1521529341838875 16625.651443
1521529342038981 9440.886886
1521529342038985 16636.605987
1521529342239087 9457.639862
1521529342239091 16647.617523
1521529342439192 9474.252441
1521529342439196 16658.572448
1521529342639295 9486.882766
1521529342639299 16669.528701
