1521781221055382 33837.190277
1521781221055397 24948.975234
1521781221255600 33840.805145
1521781221255604 24952.372177
1521781221455794 33844.460189
1521781221455798 24955.711090
1521781221655999 33848.071823
1521781221656003 24959.034332
1521781221856137 33852.152221
1521781221856141 24962.804214
1521781222056263 33866.142822
1521781222056270 24976.006469
1521781222256372 33881.987716
1521781222256375 24991.794311
1521781222456475 33897.849792
1521781222456478 25007.540405
1521781222656576 33913.733489
1521781222656580 25023.315216
1521781222856674 33929.608032
1521781222856677 25039.040634
1521781223056777 33945.614135
1521781223056780 25054.772735
1521781223256861 33961.556869
1521781223256864 25070.566116
1521781223456960 33977.490051
1521781223456963 25086.318344
1521781223657069 33993.243881
1521781223657073 25102.022094
1521781223857178 34009.155334
1521781223857182 25117.792175
1521781224057290 34025.032638
1521781224057294 25133.563568
1521781224257391 34040.918899
1521781224257394 25149.352020
1521781224457492 34056.803955
1521781224457495 25165.148941
1521781224657593 34071.984695
1521781224657596 25180.472396
1521781224857710 34087.385696
1521781224857714 25195.924942
1521781225057821 34103.289596
1521781225057824 25211.735885
1521781225257919 34119.266433
1521781225257922 25227.522277
1521781225458018 34135.126632
1521781225458022 25243.391250
1521781225658120 34151.039550
1521781225658123 25259.210464
1521781225858225 34166.957077
1521781225858228 25275.040618
1521781226058338 34182.861007
1521781226058342 25290.881256
1521781226258443 34198.775772
1521781226258446 25306.728118
1521781226458542 34214.693939
1521781226458545 25322.588150
1521781226658646 34230.632766
1521781226658649 25338.436035
1521781226858744 34246.574691
1521781226858747 25354.287521
1521781227058866 34261.819549
1521781227058869 25369.136718
1521781227258971 34277.763580
1521781227258974 25385.002639
1521781227459084 34293.799179
1521781227459088 25400.948928
1521781227659187 34309.742538
1521781227659191 25416.824905
1521781227859289 34325.697265
1521781227859292 25432.680084
1521781228059388 34341.655532
1521781228059391 25448.569168
1521781228259485 34357.618637
1521781228259488 25464.463485
1521781228459589 34373.591995
1521781228459592 25480.375671
1521781228659690 34389.576080
1521781228659693 25496.285812
1521781228859792 34405.551467
1521781228859795 25512.197769
1521781229059862 34421.516876
1521781229059865 25528.095748
1521781229259971 34436.975448
1521781229259974 25542.656738
1521781229460072 34453.041931
1521781229460075 25558.575317
1521781229660172 34469.041519
1521781229660176 25574.509429
1521781229860271 34485.022872
1521781229860274 25590.433532
1521781230060374 34501.035171
1521781230060377 25606.437576
1521781230260471 34517.055664
1521781230260474 25622.287200
1521781230460572 34533.076980
1521781230460575 25638.294479
1521781230660683 34549.086410
1521781230660687 25654.227890
1521781230860789 34565.106109
1521781230860792 25670.165405
1521781231060864 34581.136093
1521781231060867 25686.113616
1521781231260962 34597.172805
1521781231260965 25702.062652
1521781231461058 34613.209777
1521781231461062 25717.992431
1521781231661175 34628.625488
1521781231661179 25732.747756
1521781231861277 34644.677307
1521781231861280 25748.703201
1521781232061393 34660.725891
1521781232061397 25764.660110
1521781232261495 34676.774291
1521781232261498 25780.639175
1521781232461595 34692.821289
1521781232461598 25796.626403
1521781232661698 34708.871200
1521781232661701 25812.683609
1521781232861821 34724.934402
1521781232861825 25828.666137
1521781233061937 34741.007141
1521781233061941 25844.646957
1521781233262043 34757.081909
1521781233262046 25860.636047
1521781233462142 34773.164459
1521781233462145 25876.635726
1521781233662241 34789.328445
1521781233662261 25892.627288
1521781233862368 34804.766754
1521781233862372 25907.445800
1521781234062478 34820.875701
1521781234062482 25923.448730
1521781234262578 34836.977401
1521781234262581 25939.455413
1521781234462685 34853.062622
1521781234462688 25955.460281
1521781234662785 34869.145202
1521781234662789 25971.462860
1521781234862861 34885.231277
1521781234862864 25987.470153
1521781235062963 34901.319290
1521781235062966 26003.564376
1521781235263061 34917.407638
1521781235263064 26019.577713
1521781235463160 34933.498565
1521781235463163 26035.597167
1521781235663258 34949.600357
1521781235663261 26051.619171
1521781235863357 34965.698822
1521781235863360 26067.643417
1521781236063456 34981.850357
1521781236063459 26083.487045
1521781236263571 34997.304122
1521781236263575 26098.652633
1521781236463677 35013.436279
1521781236463681 26114.642654
1521781236663780 35029.541076
1521781236663783 26130.665771
1521781236863861 35045.667617
1521781236863864 26146.689392
1521781237063959 35061.797546
1521781237063962 26162.714660
1521781237264059 35077.928771
1521781237264062 26178.741897
1521781237464157 35094.073760
1521781237464160 26194.773635
1521781237664269 35110.223068
1521781237664273 26210.805572
1521781237864373 35126.363815
1521781237864376 26226.913513
1521781238064473 35142.585617
1521781238064476 26242.943817
1521781238264579 35158.711456
1521781238264582 26258.977416
1521781238464689 35174.036514
1521781238464693 26273.849273
1521781238664793 35190.186340
1521781238664796 26289.887512
1521781238864864 35206.342117
1521781238864867 26305.924346
1521781239064965 35222.499847
1521781239064968 26321.964111
1521781239265063 35238.657928
1521781239265066 26338.001754
1521781239465162 35254.818267
1521781239465165 26354.044296
1521781239665259 35270.977920
1521781239665263 26370.089920
1521781239865372 35287.152557
1521781239865376 26386.132278
1521781240065473 35303.325149
1521781240065476 26402.252426
1521781240265574 35319.588241
1521781240265578 26418.296234
1521781240465676 35335.773193
1521781240465679 26434.336898
1521781240665774 35351.559860
1521781240665777 26449.686462
1521781240865878 35367.300445
1521781240865882 26465.355117
1521781241065987 35383.471954
1521781241065990 26481.388305
1521781241266093 35399.670745
1521781241266097 26497.426635
1521781241466194 35415.867553
1521781241466197 26513.475173
1521781241666292 35432.059860
1521781241666295 26529.523086
1521781241866390 35448.253860
1521781241866393 26545.570281
1521781242066487 35464.437515
1521781242066490 26561.627182
1521781242266591 35480.628799
1521781242266594 26577.693847
1521781242466688 35496.904418
1521781242466691 26593.839126
1521781242666800 35513.108032
1521781242666804 26609.913970
1521781242866865 35529.317947
1521781242866869 26625.993133
1521781243066972 35544.748031
1521781243066975 26640.915130
1521781243267074 35560.939743
1521781243267078 26656.982025
1521781243467177 35577.127822
1521781243467180 26673.060806
1521781243667276 35593.313644
1521781243667279 26689.146392
1521781243867377 35609.495559
1521781243867380 26705.233078
1521781244067477 35625.700744
1521781244067480 26721.323348
1521781244267580 35641.900314
1521781244267583 26737.406906
1521781244467677 35658.104583
1521781244467680 26753.490890
1521781244667788 35674.304153
1521781244667792 26769.652236
1521781244867864 35690.592498
1521781244867867 26785.747390
1521781245067970 35706.805847
1521781245067973 26801.843414
1521781245268074 35722.775177
1521781245268077 26817.420745
1521781245468252 35733.068542
1521781245468262 26825.707977
1521781245668467 35743.112808
1521781245668480 26833.695571
1521781245868702 35752.254196
1521781245868714 26841.941833
1521781246068987 35760.902526
1521781246068999 26849.733367
1521781246269240 35766.355010
1521781246269251 26855.254135
1521781246469434 35770.019073
1521781246469438 26858.736801
1521781246669619 35773.679351
1521781246669623 26862.175521
1521781246869824 35777.355911
1521781246869828 26866.741134
1521781247070012 35781.016677
1521781247070016 26870.175415
1521781247270200 35784.706771
1521781247270243 26873.592834
1521781247470427 35788.368469
1521781247470430 26877.027832
1521781247670613 35792.026596
1521781247670617 26880.462890
1521781247870807 35795.725753
1521781247870811 26883.947814
1521781248071001 35799.379226
1521781248071006 26887.386215
1521781248271201 35803.042800
1521781248271206 26890.839492
1521781248471415 35806.681610
1521781248471419 26894.265945
1521781248671613 35810.324508
1521781248671618 26897.691497
1521781248871813 35813.971832
1521781248871827 26901.133926
1521781249072014 35817.608718
1521781249072018 26904.559188
1521781249272209 35821.265701
1521781249272212 26908.020187
1521781249472392 35824.948974
1521781249472396 26911.451583
1521781249672587 35828.589996
1521781249672591 26914.808074
1521781249872787 35832.234634
1521781249872791 26918.261566
1521781250072983 35835.866485
1521781250072987 26921.685272
1521781250273178 35839.494247
1521781250273183 26925.105697
1521781250473373 35843.144958
1521781250473378 26928.482818
1521781250673581 35846.771362
1521781250673586 26931.898376
1521781250873795 35850.410430
1521781250873799 26935.326583
1521781251073992 35854.039474
1521781251073997 26938.745269
1521781251274191 35857.688385
1521781251274196 26942.166534
1521781251474394 35861.312133
1521781251474399 26945.577743
1521781251674596 35864.936721
1521781251674601 26949.012100
1521781251874810 35868.568923
1521781251874814 26952.443481
1521781252075009 35872.193923
1521781252075012 26955.868698
1521781252275193 35875.848526
1521781252275197 26959.251281
1521781252475388 35879.496566
1521781252475392 26962.671737
1521781252675580 35883.117080
1521781252675585 26966.110549
1521781252875782 35886.748229
1521781252875786 26969.553176
1521781253075976 35890.369049
1521781253075980 26972.960433
1521781253276172 35893.987838
1521781253276176 26976.397506
1521781253476369 35897.662597
1521781253476373 26979.748123
1521781253676565 35901.311355
1521781253676570 26983.163803
1521781253876772 35904.942733
1521781253876776 26986.590103
1521781254076962 35908.558074
1521781254076967 26990.014556
1521781254277153 35912.174606
1521781254277158 26993.432586
1521781254477349 35915.790985
1521781254477353 26996.845214
1521781254677544 35919.407836
1521781254677549 27000.265823
1521781254877744 35923.047439
1521781254877748 27003.716354
1521781255077961 35926.663040
1521781255077965 27007.132324
1521781255278152 35930.281127
1521781255278157 27010.498016
1521781255478344 35933.895202
1521781255478349 27013.917648
1521781255678537 35937.509170
1521781255678541 27017.338836
1521781255878743 35941.152313
1521781255878748 27020.751098
1521781256078946 35944.763336
1521781256078950 27024.197616
1521781256279158 35948.373855
1521781256279162 27027.614334
1521781256479343 35951.988006
1521781256479348 27031.027114
1521781256679539 35955.597427
1521781256679544 27034.378509
1521781256879752 35959.234069
1521781256879757 27037.817840
1521781257079966 35962.840713
1521781257079969 27041.244827
1521781257280152 35966.475738
1521781257280156 27044.678985
1521781257480339 35970.116607
1521781257480343 27048.100509
1521781257680529 35973.730102
1521781257680534 27051.514938
1521781257880735 35977.356628
1521781257880739 27054.941909
1521781258080924 35980.985305
1521781258080929 27058.360290
1521781258281119 35984.590240
1521781258281124 27061.806228
1521781258481311 35988.192749
1521781258481316 27065.221908
1521781258681493 35991.795013
1521781258681497 27068.640502
1521781258881687 35995.407531
1521781258881690 27072.074768
1521781259081879 35999.019744
1521781259081883 27075.496932
1521781259282069 36002.649963
1521781259282073 27078.858856
1521781259482252 36006.256347
1521781259482255 27082.296890
1521781259682436 36009.862777
1521781259682439 27085.646316
1521781259882598 36013.581558
1521781259882601 27089.108108
1521781260082784 36017.175033
1521781260082789 27092.503433
1521781260282987 36020.787826
1521781260282991 27095.926986
1521781260483185 36024.414627
1521781260483190 27099.280197
1521781260683379 36028.021606
1521781260683383 27102.720275
1521781260883579 36031.641616
1521781260883584 27106.156707
1521781261083790 36035.251037
1521781261083795 27109.583557
1521781261284006 36038.859436
1521781261284010 27113.007080
1521781261484208 36042.996398
1521781261484213 27116.789916
1521781261684390 36046.635574
1521781261684394 27120.206130
1521781261884585 36050.270965
1521781261884588 27123.667800
1521781262084771 36053.889511
1521781262084775 27127.083984
1521781262284953 36057.518432
1521781262284957 27130.480606
1521781262485140 36061.135513
1521781262485144 27133.899642
1521781262685333 36064.746353
1521781262685337 27137.317443
1521781262885525 36068.416839
1521781262885529 27140.779479
1521781263085716 36072.027297
1521781263085721 27144.207702
1521781263285928 36075.632308
1521781263285931 27147.636413
1521781263486120 36079.241790
1521781263486125 27151.059722
1521781263686312 36082.846023
1521781263686316 27154.457382
1521781263886507 36086.497222
1521781263886512 27157.948654
1521781264086695 36090.108718
1521781264086699 27161.357910
1521781264286896 36093.722991
1521781264286901 27164.786544
1521781264487084 36097.336441
1521781264487088 27168.146774
1521781264687299 36100.952606
1521781264687303 27171.567825
1521781264887501 36104.580291
1521781264887506 27175.005218
1521781265087687 36108.207427
1521781265087692 27178.440505
1521781265287880 36111.819290
1521781265287884 27183.190887
1521781265488076 36115.452163
1521781265488080 27186.543930
1521781265688268 36119.062240
1521781265688273 27189.966156
1521781265888473 36122.680023
1521781265888478 27193.403350
1521781266088667 36126.287368
1521781266088671 27196.820617
1521781266288877 36129.911041
1521781266288882 27200.257843
1521781266489065 36133.517364
1521781266489070 27203.650299
1521781266689262 36137.126266
1521781266689267 27207.069763
1521781266889471 36140.751403
1521781266889476 27210.500564
1521781267089664 36144.363861
1521781267089668 27213.917510
1521781267289870 36148.000076
1521781267289875 27217.305603
1521781267490068 36151.615325
1521781267490073 27220.721969
1521781267690261 36155.231124
1521781267690266 27224.140182
1521781267890471 36158.851608
1521781267890476 27227.568740
1521781268090661 36162.467178
1521781268090665 27230.986770
1521781268290860 36166.098907
1521781268290865 27234.382446
1521781268491052 36169.712158
1521781268491057 27237.742355
1521781268691239 36173.322982
1521781268691244 27241.088226
1521781268891462 36176.947143
1521781268891466 27244.514007
1521781269091654 36180.562530
1521781269091658 27247.939071
1521781269291853 36184.174942
1521781269291867 27251.350097
1521781269492079 36187.826599
1521781269492083 27254.789871
1521781269692268 36191.433425
1521781269692271 27258.143997
1521781269892472 36195.056015
1521781269892477 27261.571594
1521781270092661 36198.661270
1521781270092665 27264.968673
1521781270292844 36202.269668
1521781270292847 27268.388061
1521781270493026 36205.901550
1521781270493030 27271.824218
1521781270693210 36209.510025
1521781270693214 27275.239196
1521781270893405 36213.134078
1521781270893408 27278.669097
1521781271093583 36216.745178
1521781271093587 27282.086547
1521781271293766 36220.356521
1521781271293769 27285.511886
1521781271493954 36223.965911
1521781271493958 27288.922912
1521781271694137 36227.596466
1521781271694140 27292.349563
1521781271894328 36231.221160
1521781271894332 27295.777572
1521781272094509 36234.832107
1521781272094513 27299.188217
1521781272294692 36238.442810
1521781272294695 27302.602478
1521781272494884 36242.053390
1521781272494888 27305.952728
1521781272695065 36245.664825
1521781272695069 27309.361419
1521781272895254 36249.304214
1521781272895257 27312.796844
1521781273095435 36252.912246
1521781273095438 27316.206771
1521781273295620 36256.526916
1521781273295624 27319.619430
1521781273495802 36260.138671
1521781273495806 27323.015487
1521781273695982 36263.744247
1521781273695986 27326.428283
1521781273896172 36267.382125
1521781273896176 27329.860183
1521781274096354 36270.988311
1521781274096357 27333.289428
1521781274296540 36274.595687
1521781274296543 27336.702819
1521781274496720 36278.202636
1521781274496723 27340.114242
1521781274696924 36281.808883
1521781274696928 27343.528182
1521781274897118 36285.423950
1521781274897122 27346.951705
1521781275097299 36289.052612
1521781275097303 27350.380020
1521781275297481 36292.659591
1521781275297485 27353.796401
1521781275497661 36296.264465
1521781275497665 27357.202651
1521781275697840 36299.869476
1521781275697844 27360.610961
1521781275898030 36303.485595
1521781275898034 27364.032928
1521781276098208 36307.096343
1521781276098212 27367.444763
1521781276298391 36310.722763
1521781276298395 27370.874847
1521781276498573 36314.331054
1521781276498577 27374.253860
1521781276698753 36317.939788
1521781276698757 27377.601425
1521781276898944 36321.559631
1521781276898948 27381.022674
1521781277099129 36325.165740
1521781277099132 27384.436416
1521781277299318 36328.782745
1521781277299322 27387.848236
1521781277499503 36332.404663
1521781277499507 27391.219116
1521781277699682 36336.010513
1521781277699686 27394.630889
1521781277899880 36339.626785
1521781277899883 27398.054153
1521781278100063 36343.230743
1521781278100067 27401.455993
1521781278300248 36346.835250
1521781278300251 27404.873382
1521781278500437 36350.445159
1521781278500441 27408.284683
1521781278700650 36354.385833
1521781278700654 27411.904418
1521781278900846 36358.021087
1521781278900849 27415.341308
1521781279101025 36361.635421
1521781279101029 27418.755676
1521781279301209 36365.250549
1521781279301213 27422.163208
1521781279501390 36368.867568
1521781279501393 27425.573730
1521781279701573 36372.607391
1521781279701577 27428.920639
1521781279901769 36376.252441
1521781279901773 27432.372940
1521781280101949 36379.866851
1521781280101952 27435.780166
1521781280302140 36383.477569
1521781280302145 27439.128601
1521781280502329 36387.075195
1521781280502334 27442.534271
1521781280702524 36390.677688
1521781280702529 27445.938949
1521781280902730 36394.321685
1521781280902734 27449.382812
